id,real age,predicted age,|error|
2614728,28,47,19
2614725,51,51,0
2614701,66,52,14
2652054,49,55,6
2653094,32,43,11
2653092,30,50,20
2653086,51,46,5
2653081,48,62,14
2653080,48,55,7
2653079,48,61,13
2653078,48,58,10
2653077,73,50,23
2653073,34,61,27
2653072,36,41,5
2653071,36,44,8
2653066,57,54,3
2653065,47,48,1
2653061,16,43,27
2653059,52,64,12
2653058,30,46,16
2653056,48,57,9
2653054,44,52,8
2653053,48,58,10
2653052,53,53,0
2653051,63,53,10
2653048,48,59,11
2653045,48,53,5
2653044,30,57,27
2653042,58,38,20
2653040,58,40,18
2653039,35,48,13
2653038,58,40,18
2653037,35,62,27
2653036,48,51,3
2653035,48,56,8
2653032,48,52,4
2653031,32,48,16
2653026,35,58,23
2653022,69,62,7
2653021,30,51,21
2653019,58,54,4
2653018,41,52,11
2653016,66,52,14
2653015,41,45,4
2653014,41,48,7
2653013,48,51,3
2653012,66,48,18
2653010,30,53,23
2653081,48,62,14
2653080,48,55,7
2653078,48,58,10
2653077,73,50,23
2653073,34,61,27
2653072,36,41,5
2653071,36,44,8
2653061,16,43,27
2653059,52,64,12
2653058,30,46,16
2653056,48,57,9
2653054,44,52,8
2653053,48,58,10
2653052,53,53,0
2653051,63,53,10
2653048,48,59,11
2653046,45,48,3
2653045,48,53,5
2653044,30,57,27
2653042,58,38,20
2653040,58,40,18
2653039,35,48,13
2653037,35,62,27
2653036,48,51,3
2653035,48,56,8
2653033,48,55,7
2653032,48,52,4
2653026,35,58,23
2653022,69,62,7
2653021,30,51,21
2653019,58,54,4
2653018,41,52,11
2653016,66,52,14
2653015,41,45,4
2653014,41,48,7
2653013,48,51,3
2653012,66,48,18
2653011,30,48,18
2653010,30,53,23
2653008,44,46,2
2653007,62,53,9
2653005,50,52,2
2653004,54,53,1
2653002,30,62,32
2652999,50,34,16
2652998,24,52,28
2652997,30,53,23
2652996,30,57,27
2652995,67,50,17
2652994,24,53,29
2652993,30,36,6
2652992,62,50,12
2652991,39,60,21
2652990,62,52,10
2652989,62,54,8
2652988,54,54,0
2652987,62,35,27
2652986,62,61,1
2652985,67,50,17
2652982,35,50,15
2652980,51,43,8
2652979,30,47,17
2652978,72,48,24
2652977,54,63,9
2652976,50,55,5
2652974,50,52,2
2652972,62,46,16
2652971,63,60,3
2652970,68,53,15
2652969,39,39,0
2652966,30,56,26
2652965,39,47,8
2652964,30,47,17
2652974,50,52,2
2652972,62,46,16
2652971,63,60,3
2652970,68,53,15
2652966,30,56,26
2652965,39,47,8
2652964,30,47,17
2652963,30,50,20
2652960,30,44,14
2652958,30,55,25
2652957,44,51,7
2652956,47,48,1
2652955,30,50,20
2652954,30,46,16
2652953,53,57,4
2652952,30,48,18
2652951,46,44,2
2652945,46,49,3
2652955,30,50,20
2652954,30,46,16
2652953,53,57,4
2652952,30,48,18
2652951,46,44,2
2652949,49,48,1
2652943,65,54,11
2652942,46,47,1
2652938,30,39,9
2652937,48,51,3
2652936,72,49,23
2652933,51,63,12
2652931,30,50,20
2652927,54,50,4
2652926,48,52,4
2652922,48,49,1
2652920,30,48,18
2652919,30,54,24
2652913,40,47,7
2652912,47,47,0
2652909,47,48,1
2652908,30,46,16
2652905,30,47,17
2652904,24,41,17
2652903,30,45,15
2652901,24,52,28
2652900,64,45,19
2652899,72,62,10
2652898,66,53,13
2652897,54,47,7
2652913,40,47,7
2652912,47,47,0
2652911,27,51,24
2652909,47,48,1
2652908,30,46,16
2652905,30,47,17
2652904,24,41,17
2652903,30,45,15
2652903,30,45,15
2652901,24,52,28
2652899,72,62,10
2652898,66,53,13
2652897,54,47,7
2652896,44,48,4
2652894,28,48,20
2652893,47,51,4
2652892,56,40,16
2652890,87,53,34
2652888,62,58,4
2652887,48,54,6
2652885,48,52,4
2652883,63,52,11
2652882,42,49,7
2652880,61,50,11
2652879,54,48,6
2652876,73,48,25
2652875,48,58,10
2652872,47,47,0
2652871,52,39,13
2652870,30,49,19
2652867,68,50,18
2652865,16,48,32
2652864,28,40,12
2652863,60,48,12
2652862,66,52,14
2652855,53,43,10
2652854,81,62,19
2652850,53,47,6
2652854,81,62,19
2652850,53,47,6
2652849,53,48,5
2652848,13,48,35
2652846,53,47,6
2652845,33,48,15
2652843,60,47,13
2652841,62,53,9
2652840,30,55,25
2652839,36,41,5
2652838,48,56,8
2652836,48,61,13
2652835,48,62,14
2652833,81,36,45
2652832,30,46,16
2652830,48,57,9
2652829,30,47,17
2652825,30,52,22
2652823,54,42,12
2652822,54,43,11
2652819,54,48,6
2652816,54,44,10
2652815,54,47,7
2652814,54,45,9
2652813,30,45,15
2652799,57,51,6
2652797,54,62,8
2652796,54,58,4
2652792,50,49,1
2652829,30,47,17
2652827,31,42,11
2652825,30,52,22
2652823,54,42,12
2652822,54,43,11
2652819,54,48,6
2652817,30,45,15
2652816,54,44,10
2652815,54,47,7
2652814,54,45,9
2652813,30,45,15
2652805,64,49,15
2652799,57,51,6
2652797,54,62,8
2652796,54,58,4
2652792,50,49,1
2652790,46,53,7
2652789,30,51,21
2652788,69,60,9
2652786,30,48,18
2652785,30,49,19
2652782,46,35,11
2652780,30,47,17
2652779,57,62,5
2652777,62,55,7
2652776,30,39,9
2652775,62,51,11
2652774,33,54,21
2652772,46,53,7
2652769,44,53,9
2652767,30,52,22
2652766,37,63,26
2652765,48,46,2
2652763,57,53,4
2652761,56,52,4
2652759,30,51,21
2652758,47,57,10
2652757,31,48,17
2652755,57,51,6
2652753,31,46,15
2652750,64,61,3
2652747,62,50,12
2652746,30,39,9
2652745,57,48,9
2652744,68,51,17
2652743,64,60,4
2652741,71,53,18
2652740,38,49,11
2652739,30,49,19
2652738,30,49,19
2652737,30,41,11
2652736,51,54,3
2652735,30,45,15
2652734,39,37,2
2652733,45,54,9
2652732,75,49,26
2652730,66,50,16
2652729,66,51,15
2652728,53,51,2
2652726,58,53,5
2652725,48,62,14
2652724,58,49,9
2652722,30,48,18
2652720,51,59,8
2652719,48,50,2
2652717,30,57,27
2652714,47,47,0
2652711,32,53,21
2652709,51,59,8
2652708,31,34,3
2652705,30,64,34
2652704,48,58,10
2652703,30,63,33
2652701,30,48,18
2652699,56,50,6
2652697,30,62,32
2652696,30,50,20
2652694,32,46,14
2652692,32,62,30
2652691,61,51,10
2652690,45,50,5
2652689,45,50,5
2652688,64,51,13
2652684,36,52,16
2652682,36,51,15
2652680,30,62,32
2652679,42,46,4
2652678,30,38,8
2652677,72,51,21
2652676,51,47,4
2652674,30,55,25
2652673,47,51,4
2652672,59,48,11
2652671,48,57,9
2652670,55,57,2
2652667,53,48,5
2652665,53,50,3
2652664,48,52,4
2652663,46,46,0
2652662,44,47,3
2652661,72,49,23
2652660,56,53,3
2652659,48,48,0
2652658,66,48,18
2652657,31,42,11
2652656,53,61,8
2652655,34,37,3
2652653,53,62,9
2652651,67,46,21
2652650,53,52,1
2652649,31,46,15
2652648,39,53,14
2652647,53,53,0
2652646,53,58,5
2652645,31,48,17
2652644,34,62,28
2652642,30,59,29
2652643,77,48,29
2652642,30,59,29
2652641,58,52,6
2652640,68,54,14
2652638,57,50,7
2652637,35,46,11
2652636,79,62,17
2652635,79,62,17
2652634,30,59,29
2652633,30,47,17
2652632,48,58,10
2652631,49,44,5
2652630,49,60,11
2652629,30,54,24
2652628,43,61,18
2652628,43,61,18
2652627,30,46,16
2652626,79,48,31
2652625,79,48,31
2652624,55,59,4
2652623,68,47,21
2652622,38,39,1
2652621,49,47,2
2652620,43,48,5
2652619,54,52,2
2652618,43,49,6
2652617,68,49,19
2652616,48,60,12
2652615,30,54,24
2652614,49,49,0
2652613,30,51,21
2652612,71,56,15
2652611,49,50,1
2652610,30,54,24
2652605,64,49,15
2652603,53,51,2
2652602,73,47,26
2652601,37,49,12
2652599,48,56,8
2652598,56,57,1
2652597,38,47,9
2652594,72,51,21
2652592,61,63,2
2652590,30,52,22
2652589,72,50,22
2652588,72,52,20
2652587,30,54,24
2652586,62,52,10
2652585,30,46,16
2652601,37,49,12
2652599,48,56,8
2652598,56,57,1
2652597,38,47,9
2652595,68,44,24
2652594,72,51,21
2652593,53,57,4
2652592,61,63,2
2652590,30,52,22
2652589,72,50,22
2652588,72,52,20
2652587,30,54,24
2652586,62,52,10
2652585,30,46,16
2652584,62,60,2
2652581,48,54,6
2652580,67,50,17
2652579,32,51,19
2652578,72,54,18
2652578,72,54,18
2652577,30,51,21
2652576,47,47,0
2652574,56,48,8
2652573,72,50,22
2652572,31,55,24
2652571,45,47,2
2652570,31,50,19
2652569,45,48,3
2652567,45,48,3
2652566,45,50,5
2652565,31,48,17
2652564,69,60,9
2652563,60,47,13
2652560,69,62,7
2652559,65,60,5
2652558,46,54,8
2652557,30,51,21
2652556,30,31,1
2652555,30,46,16
2652553,32,53,21
2652552,30,52,22
2652549,71,49,22
2652547,43,63,20
2652542,68,52,16
2652541,64,46,18
2652540,68,53,15
2652539,45,45,0
2652538,51,44,7
2652537,51,50,1
2652536,47,49,2
2652535,31,46,15
2652534,37,49,12
2652533,67,47,20
2652532,57,56,1
2652531,47,51,4
2652527,68,61,7
2652526,30,50,20
2652525,30,48,18
2652524,30,50,20
2652523,30,57,27
2652522,30,43,13
2652520,69,62,7
2652519,64,51,13
2652516,36,58,22
2652515,37,61,24
2652514,54,44,10
2652513,54,45,9
2652512,30,63,33
2652510,48,56,8
2652508,28,50,22
2652507,43,44,1
2652506,47,56,9
2652505,32,47,15
2652504,30,45,15
2652503,40,60,20
2652502,30,48,18
2652501,76,68,8
2652499,63,49,14
2652498,58,47,11
2652497,48,48,0
2652496,65,54,11
2652494,52,56,4
2652490,62,51,11
2652489,48,49,1
2652487,56,61,5
2652486,48,62,14
2652485,48,56,8
2652484,73,64,9
2652482,46,52,6
2652480,70,62,8
2652479,40,39,1
2652478,51,46,5
2652477,30,49,19
2652476,40,42,2
2652475,64,59,5
2652474,24,53,29
2652469,30,62,32
2652464,45,46,1
2652463,56,49,7
2652462,45,53,8
2652461,53,31,22
2652459,30,47,17
2652460,42,61,19
2652459,30,47,17
2652457,60,51,9
2652455,37,52,15
2652454,37,62,25
2652453,50,47,3
2652451,50,62,12
2652450,33,45,12
2652449,37,46,9
2652447,65,46,19
2652446,65,47,18
2652444,65,54,11
2652443,42,45,3
2652440,65,48,17
2652439,51,46,5
2652437,52,55,3
2652436,42,47,5
2652435,56,62,6
2652434,56,48,8
2652430,30,46,16
2652429,74,57,17
2652424,29,48,19
2652423,38,48,10
2652422,29,51,22
2652420,29,46,17
2652419,30,47,17
2652415,62,50,12
2652409,69,61,8
2652405,57,50,7
2652403,41,42,1
2652401,50,50,0
2652400,30,50,20
2652399,62,54,8
2652398,50,48,2
2652395,50,52,2
2652393,62,56,6
2652389,44,58,14
2652387,57,51,6
2652386,57,54,3
2652385,30,48,18
2652384,57,54,3
2652383,24,44,20
2652382,62,56,6
2652381,24,48,24
2652380,72,55,17
2652379,37,54,17
2652378,46,37,9
2652377,48,43,5
2652376,62,48,14
2652374,22,50,28
2652372,29,45,16
2652370,45,60,15
2652369,62,56,6
2652368,56,49,7
2652367,78,62,16
2652366,50,50,0
2652365,50,48,2
2652363,50,49,1
2652362,29,52,23
2652361,62,48,14
2652360,54,54,0
2652359,78,61,17
2652358,65,51,14
2652357,61,48,13
2652356,38,53,15
2652355,41,44,3
2652354,41,55,14
2652353,41,52,11
2652352,41,46,5
2652351,41,42,1
2652350,41,53,12
2652349,41,55,14
2652348,41,56,15
2652346,41,66,25
2652345,36,46,10
2652343,36,50,14
2652342,36,52,16
2652341,36,45,9
2652339,56,48,8
2652336,48,54,6
2652333,48,56,8
2652332,37,57,20
2652329,50,43,7
2652327,48,60,12
2652326,48,62,14
2652325,48,59,11
2652324,48,61,13
2652323,48,61,13
2652322,48,62,14
2652321,48,62,14
2652320,48,62,14
2652319,48,62,14
2652318,48,59,11
2652317,48,61,13
2652316,43,63,20
2652315,48,52,4
2652314,48,61,13
2652313,48,63,15
2652312,50,50,0
2652311,48,63,15
2652310,48,63,15
2652309,48,55,7
2652306,41,62,21
2652305,50,50,0
2652304,41,48,7
2652303,40,49,9
2652302,59,45,14
2652301,41,53,12
2652299,41,57,16
2652298,41,61,20
2652296,50,54,4
2652295,41,55,14
2652294,41,55,14
2652293,59,52,7
2652292,30,51,21
2652291,55,50,5
2652290,59,49,10
2652288,55,59,4
2652287,30,59,29
2652286,59,63,4
2652283,17,53,36
2652284,56,58,2
2652282,50,49,1
2652278,35,51,16
2652277,16,55,39
2652276,35,52,17
2652275,50,63,13
2652274,35,51,16
2652273,35,52,17
2652272,48,62,14
2652271,30,47,17
2652270,30,58,28
2652269,48,61,13
2652268,75,62,13
2652267,53,52,1
2652266,58,53,5
2652264,53,49,4
2652263,37,53,16
2652262,21,46,25
2652258,50,53,3
2652255,48,50,2
2652253,75,52,23
2652249,50,62,12
2652247,56,56,0
2652242,54,47,7
2652241,54,53,1
2652238,54,46,8
2652237,48,62,14
2652236,54,47,7
2652235,50,48,2
2652234,72,49,23
2652233,48,57,9
2652232,47,52,5
2652231,47,47,0
2652230,28,60,32
2652229,56,52,4
2652227,30,48,18
2652225,62,49,13
2652224,48,55,7
2652223,30,46,16
2652222,48,62,14
2652221,48,53,5
2652220,30,53,23
2652219,72,50,22
2652218,72,47,25
2652217,72,53,19
2652215,30,58,28
2652214,38,49,11
2652213,47,52,5
2652212,30,47,17
2652211,75,47,28
2652210,30,54,24
2652208,48,46,2
2652206,62,54,8
2652205,47,52,5
2652205,47,52,5
2652202,30,53,23
2652201,62,53,9
2652200,51,48,3
2652198,67,43,24
2652197,62,64,2
2652196,53,49,4
2652194,53,47,6
2652193,51,64,13
2652190,67,47,20
2652189,53,49,4
2652187,53,46,7
2652186,53,49,4
2652185,37,54,17
2652183,37,64,27
2652182,37,53,16
2652181,37,48,11
2652180,37,43,6
2652179,37,50,13
2652179,37,50,13
2652178,14,25,11
2652177,37,43,6
2652174,51,58,7
2652173,53,49,4
2652172,39,50,11
2652171,53,35,18
2652170,53,44,9
2652169,46,46,0
2652168,53,58,5
2652167,67,53,14
2652165,53,50,3
2652164,51,51,0
2652163,40,52,12
2652162,67,46,21
2652160,78,54,24
2652159,51,51,0
2652158,51,48,3
2652156,61,47,14
2652154,58,52,6
2652152,52,63,11
2652151,46,53,7
2652147,42,49,7
2652146,30,48,18
2652145,63,54,9
2652144,59,70,11
2652143,51,55,4
2652142,32,52,20
2652141,45,53,8
2652140,40,55,15
2652138,80,48,32
2652137,56,60,4
2652136,63,56,7
2652134,53,48,5
2652133,30,47,17
2652132,30,50,20
2652131,59,64,5
2652130,53,46,7
2652130,53,46,7
2652129,30,50,20
2652128,47,47,0
2652127,59,46,13
2652126,47,46,1
2652125,51,48,3
2652123,60,36,24
2652122,62,50,12
2652121,59,49,10
2652120,48,62,14
2652119,56,61,5
2652118,78,63,15
2652117,50,48,2
2652116,64,62,2
2652115,58,56,2
2652114,56,61,5
2652113,78,61,17
2652112,30,53,23
2652111,30,47,17
2652109,53,47,6
2652107,47,46,1
2652106,53,47,6
2652105,37,52,15
2652104,37,47,10
2652103,53,52,1
2652102,68,48,20
2652101,42,42,0
2652099,40,39,1
2652098,30,38,8
2652097,42,42,0
2652096,30,37,7
2652095,62,53,9
2652094,63,52,11
2652092,56,51,5
2652089,37,39,2
2652088,58,54,4
2652087,37,53,16
2652085,37,54,17
2652084,37,50,13
2652083,37,48,11
2652082,37,45,8
2652081,49,61,12
2652078,45,54,9
2652076,45,48,3
2652075,30,49,19
2652074,53,63,10
2652073,37,45,8
2652071,50,46,4
2652070,49,48,1
2652068,30,50,20
2652067,46,44,2
2652066,30,53,23
2652064,49,47,2
2652063,50,55,5
2652062,53,45,8
2652061,49,50,1
2652060,56,49,7
2652059,49,47,2
2652058,62,51,11
2652057,76,50,26
2652056,49,45,4
2652055,45,61,16
2652054,49,50,1
2652053,66,51,15
2652052,67,54,13
2652050,66,49,17
2652048,67,50,17
2652047,44,61,17
2652046,59,48,11
2652045,64,49,15
2652044,59,51,8
2652041,30,59,29
2652040,56,61,5
2652039,73,56,17
2652038,70,53,17
2652036,70,52,18
2652035,50,52,2
2652032,50,51,1
2652028,30,51,21
2652027,66,60,6
2652026,62,50,12
2652025,50,48,2
2652024,30,51,21
2652023,30,44,14
2652022,30,52,22
2652019,62,50,12
2652018,68,47,21
2652017,41,61,20
2652016,48,62,14
2652013,30,47,17
2652010,30,48,18
2652007,48,53,5
2652004,30,62,32
2652003,37,49,12
2652000,47,48,1
2651995,75,53,22
2651992,30,44,14
2651990,67,46,21
2651989,30,50,20
2651988,30,47,17
2651985,65,48,17
2651984,62,53,9
2651983,67,54,13
2651982,28,31,3
2651981,16,59,43
2651979,53,44,9
2651976,51,47,4
2651975,53,53,0
2651974,40,62,22
2651973,47,61,14
2651972,35,47,12
2651971,37,56,19
2651970,67,51,16
2651969,47,37,10
2651967,53,57,4
2651966,43,43,0
2651965,53,54,1
2651964,30,52,22
2651962,30,64,34
2651961,48,63,15
2651960,72,53,19
2651960,72,53,19
2651959,54,61,7
2651954,50,47,3
2651953,50,26,24
2651952,54,50,4
2651951,54,48,6
2651950,54,52,2
2651948,56,53,3
2651947,54,54,0
2651946,54,47,7
2651945,62,53,9
2651944,30,45,15
2651937,72,50,22
2651936,30,52,22
2651935,68,51,17
2651934,30,62,32
2651933,58,48,10
2651930,56,51,5
2651929,70,49,21
2651926,30,51,21
2651925,32,50,18
2651924,30,46,16
2651923,45,47,2
2651922,30,49,19
2651921,56,53,3
2651920,37,56,19
2651919,56,50,6
2651918,37,52,15
2651917,30,53,23
2651916,48,61,13
2651915,37,48,11
2651914,56,56,0
2651913,37,46,9
2651912,37,48,11
2651911,30,49,19
2651910,37,43,6
2651909,44,49,5
2651906,37,45,8
2651905,37,60,23
2651903,37,50,13
2651902,63,49,14
2651901,37,48,11
2651900,35,50,15
2651899,37,49,12
2651897,30,52,22
2651896,30,49,19
2651895,30,50,20
2651894,69,62,7
2651892,30,51,21
2651889,53,50,3
2651888,30,52,22
2651887,58,49,9
2651886,30,34,4
2651885,66,56,10
2651884,30,57,27
2651882,58,53,5
2651881,48,62,14
2651880,66,50,16
2651879,48,60,12
2651878,48,63,15
2651875,45,49,4
2651873,19,41,22
2651871,53,45,8
2651870,54,47,7
2651869,54,45,9
2651867,70,52,18
2651865,68,45,23
2651863,47,48,1
2651862,53,53,0
2651860,75,60,15
2651859,54,50,4
2651858,53,46,7
2651857,53,45,8
2651856,51,44,7
2651855,36,47,11
2651854,60,57,3
2651853,53,52,1
2651851,51,52,1
2651850,48,62,14
2651849,53,53,0
2651848,48,61,13
2651846,40,57,17
2651845,48,58,10
2651844,48,54,6
2651843,59,59,0
2651842,48,63,15
2651841,62,53,9
2651839,40,49,9
2651837,30,50,20
2651831,45,46,1
2651830,50,47,3
2651829,68,48,20
2651828,62,49,13
2651826,68,46,22
2651825,57,61,4
2651821,68,53,15
2651820,48,60,12
2651819,48,63,15
2651818,36,47,11
2651817,38,50,12
2651816,36,52,16
2651815,40,58,18
2651814,36,51,15
2651813,47,46,1
2651812,36,50,14
2651811,40,60,20
2651809,40,55,15
2651808,16,55,39
2651807,62,52,10
2651806,38,48,10
2651804,66,47,19
2651803,30,50,20
2651802,54,56,2
2651801,54,58,4
2651800,38,48,10
2651799,47,53,6
2651798,54,58,4
2651794,40,47,7
2651791,40,44,4
2651790,66,64,2
2651788,66,62,4
2651787,51,58,7
2651786,48,48,0
2651785,30,45,15
2651784,30,44,14
2651782,73,49,24
2651781,73,60,13
2651780,49,46,3
2651776,30,38,8
2651775,30,43,13
2651773,54,55,1
2651772,30,50,20
2651771,54,47,7
2651770,41,51,10
2651769,54,54,0
2651767,51,46,5
2651766,30,46,16
2651764,41,51,10
2651763,30,49,19
2651762,47,63,16
2651761,30,47,17
2651760,62,50,12
2651759,30,50,20
2651757,62,60,2
2651756,45,47,2
2651755,45,49,4
2651754,45,48,3
2651753,30,59,29
2651749,40,47,7
2651748,36,48,12
2651746,43,59,16
2651745,37,51,14
2651744,36,51,15
2651743,67,49,18
2651742,36,50,14
2651741,67,48,19
2651740,47,46,1
2651736,30,41,11
2651735,70,49,21
2651732,44,63,19
2651731,68,61,7
2651729,43,34,9
2651727,62,50,12
2651725,57,51,6
2651724,56,45,11
2651718,35,49,14

mae:12
mse:2