id,real age,predicted age,|error|
2614728,28,43,15
2614725,51,64,13
2614701,66,53,13
2652054,49,66,17
2653094,32,54,22
2653092,30,52,22
2653086,51,45,6
2653081,48,62,14
2653080,48,63,15
2653079,48,63,15
2653078,48,64,16
2653077,73,59,14
2653073,34,50,16
2653072,36,56,20
2653071,36,59,23
2653066,57,61,4
2653065,47,61,14
2653061,16,57,41
2653059,52,62,10
2653058,30,54,24
2653056,48,53,5
2653054,44,61,17
2653053,48,60,12
2653052,53,65,12
2653051,63,62,1
2653048,48,64,16
2653045,48,63,15
2653044,30,60,30
2653042,58,55,3
2653040,58,54,4
2653039,35,60,25
2653038,58,45,13
2653037,35,61,26
2653036,48,55,7
2653035,48,55,7
2653032,48,57,9
2653031,32,61,29
2653026,35,60,25
2653022,69,64,5
2653021,30,60,30
2653019,58,63,5
2653018,41,60,19
2653016,66,60,6
2653015,41,58,17
2653014,41,58,17
2653013,48,54,6
2653012,66,62,4
2653010,30,54,24
2653081,48,62,14
2653080,48,63,15
2653078,48,64,16
2653077,73,59,14
2653073,34,50,16
2653072,36,56,20
2653071,36,59,23
2653061,16,57,41
2653059,52,62,10
2653058,30,54,24
2653056,48,53,5
2653054,44,61,17
2653053,48,60,12
2653052,53,65,12
2653051,63,62,1
2653048,48,64,16
2653046,45,46,1
2653045,48,63,15
2653044,30,60,30
2653042,58,55,3
2653040,58,54,4
2653039,35,60,25
2653037,35,61,26
2653036,48,55,7
2653035,48,55,7
2653033,48,46,2
2653032,48,57,9
2653026,35,60,25
2653022,69,64,5
2653021,30,60,30
2653019,58,63,5
2653018,41,60,19
2653016,66,60,6
2653015,41,58,17
2653014,41,58,17
2653013,48,54,6
2653012,66,62,4
2653011,30,55,25
2653010,30,54,24
2653008,44,63,19
2653007,62,62,0
2653005,50,61,11
2653004,54,62,8
2653002,30,58,28
2652999,50,58,8
2652998,24,61,37
2652997,30,62,32
2652996,30,58,28
2652995,67,58,9
2652994,24,61,37
2652993,30,66,36
2652992,62,62,0
2652991,39,63,24
2652990,62,60,2
2652989,62,61,1
2652988,54,59,5
2652987,62,56,6
2652986,62,62,0
2652985,67,56,11
2652982,35,57,22
2652980,51,62,11
2652979,30,54,24
2652978,72,64,8
2652977,54,59,5
2652976,50,51,1
2652974,50,50,0
2652972,62,58,4
2652971,63,54,9
2652970,68,64,4
2652969,39,35,4
2652966,30,43,13
2652965,39,51,12
2652964,30,57,27
2652974,50,50,0
2652972,62,58,4
2652971,63,54,9
2652970,68,64,4
2652966,30,43,13
2652965,39,51,12
2652964,30,57,27
2652963,30,57,27
2652960,30,54,24
2652958,30,64,34
2652957,44,58,14
2652956,47,50,3
2652955,30,55,25
2652954,30,55,25
2652953,53,53,0
2652952,30,44,14
2652951,46,59,13
2652945,46,55,9
2652955,30,55,25
2652954,30,55,25
2652953,53,53,0
2652952,30,44,14
2652951,46,59,13
2652949,49,58,9
2652943,65,62,3
2652942,46,64,18
2652938,30,60,30
2652937,48,61,13
2652936,72,63,9
2652933,51,63,12
2652931,30,62,32
2652927,54,55,1
2652926,48,61,13
2652922,48,58,10
2652920,30,57,27
2652919,30,59,29
2652913,40,58,18
2652912,47,53,6
2652909,47,63,16
2652908,30,56,26
2652905,30,59,29
2652904,24,44,20
2652903,30,54,24
2652901,24,60,36
2652900,64,51,13
2652899,72,62,10
2652898,66,52,14
2652897,54,54,0
2652913,40,58,18
2652912,47,53,6
2652911,27,60,33
2652909,47,63,16
2652908,30,56,26
2652905,30,59,29
2652904,24,44,20
2652903,30,54,24
2652903,30,54,24
2652901,24,60,36
2652899,72,62,10
2652898,66,52,14
2652897,54,54,0
2652896,44,60,16
2652894,28,64,36
2652893,47,65,18
2652892,56,64,8
2652890,87,62,25
2652888,62,63,1
2652887,48,60,12
2652885,48,60,12
2652883,63,62,1
2652882,42,53,11
2652880,61,50,11
2652879,54,61,7
2652876,73,61,12
2652875,48,63,15
2652872,47,56,9
2652871,52,61,9
2652870,30,52,22
2652867,68,52,16
2652865,16,56,40
2652864,28,55,27
2652863,60,61,1
2652862,66,65,1
2652855,53,55,2
2652854,81,59,22
2652850,53,56,3
2652854,81,59,22
2652850,53,56,3
2652849,53,55,2
2652848,13,57,44
2652846,53,56,3
2652845,33,64,31
2652843,60,62,2
2652841,62,61,1
2652840,30,63,33
2652839,36,59,23
2652838,48,63,15
2652836,48,60,12
2652835,48,62,14
2652833,81,66,15
2652832,30,44,14
2652830,48,61,13
2652829,30,58,28
2652825,30,63,33
2652823,54,61,7
2652822,54,61,7
2652819,54,62,8
2652816,54,61,7
2652815,54,59,5
2652814,54,64,10
2652813,30,61,31
2652799,57,61,4
2652797,54,60,6
2652796,54,60,6
2652792,50,52,2
2652829,30,58,28
2652827,31,52,21
2652825,30,63,33
2652823,54,61,7
2652822,54,61,7
2652819,54,62,8
2652817,30,61,31
2652816,54,61,7
2652815,54,59,5
2652814,54,64,10
2652813,30,61,31
2652805,64,64,0
2652799,57,61,4
2652797,54,60,6
2652796,54,60,6
2652792,50,52,2
2652790,46,62,16
2652789,30,63,33
2652788,69,64,5
2652786,30,64,34
2652785,30,64,34
2652782,46,55,9
2652780,30,58,28
2652779,57,60,3
2652777,62,59,3
2652776,30,55,25
2652775,62,63,1
2652774,33,56,23
2652772,46,59,13
2652769,44,52,8
2652767,30,60,30
2652766,37,65,28
2652765,48,57,9
2652763,57,65,8
2652761,56,65,9
2652759,30,45,15
2652758,47,59,12
2652757,31,54,23
2652755,57,63,6
2652753,31,52,21
2652750,64,60,4
2652747,62,59,3
2652746,30,60,30
2652745,57,59,2
2652744,68,64,4
2652743,64,59,5
2652741,71,61,10
2652740,38,65,27
2652739,30,58,28
2652738,30,25,5
2652737,30,47,17
2652736,51,52,1
2652735,30,58,28
2652734,39,62,23
2652733,45,58,13
2652732,75,61,14
2652730,66,64,2
2652729,66,62,4
2652728,53,55,2
2652726,58,61,3
2652725,48,60,12
2652724,58,54,4
2652722,30,64,34
2652720,51,53,2
2652719,48,53,5
2652717,30,57,27
2652714,47,61,14
2652711,32,60,28
2652709,51,52,1
2652708,31,55,24
2652705,30,61,31
2652704,48,63,15
2652703,30,63,33
2652701,30,50,20
2652699,56,63,7
2652697,30,62,32
2652696,30,44,14
2652694,32,46,14
2652692,32,66,34
2652691,61,55,6
2652690,45,54,9
2652689,45,62,17
2652688,64,61,3
2652684,36,65,29
2652682,36,61,25
2652680,30,62,32
2652679,42,56,14
2652678,30,49,19
2652677,72,65,7
2652676,51,62,11
2652674,30,60,30
2652673,47,62,15
2652672,59,60,1
2652671,48,60,12
2652670,55,62,7
2652667,53,63,10
2652665,53,62,9
2652664,48,60,12
2652663,46,55,9
2652662,44,62,18
2652661,72,64,8
2652660,56,63,7
2652659,48,28,20
2652658,66,62,4
2652657,31,60,29
2652656,53,62,9
2652655,34,53,19
2652653,53,63,10
2652651,67,53,14
2652650,53,61,8
2652649,31,57,26
2652648,39,58,19
2652647,53,60,7
2652646,53,61,8
2652645,31,59,28
2652644,34,44,10
2652642,30,63,33
2652643,77,60,17
2652642,30,63,33
2652641,58,57,1
2652640,68,64,4
2652638,57,63,6
2652637,35,56,21
2652636,79,63,16
2652635,79,63,16
2652634,30,61,31
2652633,30,55,25
2652632,48,64,16
2652631,49,63,14
2652630,49,64,15
2652629,30,60,30
2652628,43,65,22
2652628,43,65,22
2652627,30,58,28
2652626,79,51,28
2652625,79,51,28
2652624,55,61,6
2652623,68,65,3
2652622,38,56,18
2652621,49,54,5
2652620,43,56,13
2652619,54,44,10
2652618,43,66,23
2652617,68,59,9
2652616,48,64,16
2652615,30,58,28
2652614,49,64,15
2652613,30,58,28
2652612,71,61,10
2652611,49,52,3
2652610,30,63,33
2652605,64,51,13
2652603,53,51,2
2652602,73,62,11
2652601,37,61,24
2652599,48,62,14
2652598,56,59,3
2652597,38,63,25
2652594,72,64,8
2652592,61,64,3
2652590,30,60,30
2652589,72,65,7
2652588,72,62,10
2652587,30,63,33
2652586,62,60,2
2652585,30,63,33
2652601,37,61,24
2652599,48,62,14
2652598,56,59,3
2652597,38,63,25
2652595,68,54,14
2652594,72,64,8
2652593,53,65,12
2652592,61,64,3
2652590,30,60,30
2652589,72,65,7
2652588,72,62,10
2652587,30,63,33
2652586,62,60,2
2652585,30,63,33
2652584,62,62,0
2652581,48,62,14
2652580,67,64,3
2652579,32,64,32
2652578,72,66,6
2652578,72,66,6
2652577,30,60,30
2652576,47,60,13
2652574,56,64,8
2652573,72,61,11
2652572,31,46,15
2652571,45,54,9
2652570,31,25,6
2652569,45,52,7
2652567,45,53,8
2652566,45,55,10
2652565,31,44,13
2652564,69,62,7
2652563,60,63,3
2652560,69,63,6
2652559,65,50,15
2652558,46,62,16
2652557,30,55,25
2652556,30,52,22
2652555,30,55,25
2652553,32,43,11
2652552,30,59,29
2652549,71,63,8
2652547,43,59,16
2652542,68,64,4
2652541,64,57,7
2652540,68,52,16
2652539,45,62,17
2652538,51,56,5
2652537,51,47,4
2652536,47,59,12
2652535,31,26,5
2652534,37,62,25
2652533,67,56,11
2652532,57,60,3
2652531,47,64,17
2652527,68,64,4
2652526,30,49,19
2652525,30,54,24
2652524,30,54,24
2652523,30,57,27
2652522,30,22,8
2652520,69,65,4
2652519,64,65,1
2652516,36,63,27
2652515,37,61,24
2652514,54,57,3
2652513,54,62,8
2652512,30,63,33
2652510,48,61,13
2652508,28,63,35
2652507,43,61,18
2652506,47,61,14
2652505,32,55,23
2652504,30,56,26
2652503,40,65,25
2652502,30,60,30
2652501,76,64,12
2652499,63,49,14
2652498,58,57,1
2652497,48,38,10
2652496,65,61,4
2652494,52,65,13
2652490,62,62,0
2652489,48,63,15
2652487,56,56,0
2652486,48,63,15
2652485,48,63,15
2652484,73,62,11
2652482,46,61,15
2652480,70,61,9
2652479,40,53,13
2652478,51,45,6
2652477,30,66,36
2652476,40,54,14
2652475,64,58,6
2652474,24,59,35
2652469,30,66,36
2652464,45,57,12
2652463,56,64,8
2652462,45,52,7
2652461,53,59,6
2652459,30,61,31
2652460,42,63,21
2652459,30,61,31
2652457,60,66,6
2652455,37,63,26
2652454,37,52,15
2652453,50,53,3
2652451,50,64,14
2652450,33,63,30
2652449,37,52,15
2652447,65,54,11
2652446,65,56,9
2652444,65,46,19
2652443,42,62,20
2652440,65,64,1
2652439,51,49,2
2652437,52,62,10
2652436,42,62,20
2652435,56,64,8
2652434,56,44,12
2652430,30,57,27
2652429,74,64,10
2652424,29,65,36
2652423,38,54,16
2652422,29,50,21
2652420,29,63,34
2652419,30,64,34
2652415,62,63,1
2652409,69,61,8
2652405,57,60,3
2652403,41,55,14
2652401,50,54,4
2652400,30,64,34
2652399,62,60,2
2652398,50,64,14
2652395,50,61,11
2652393,62,57,5
2652389,44,58,14
2652387,57,56,1
2652386,57,64,7
2652385,30,54,24
2652384,57,56,1
2652383,24,45,21
2652382,62,57,5
2652381,24,47,23
2652380,72,44,28
2652379,37,57,20
2652378,46,54,8
2652377,48,59,11
2652376,62,59,3
2652374,22,65,43
2652372,29,51,22
2652370,45,54,9
2652369,62,61,1
2652368,56,64,8
2652367,78,65,13
2652366,50,64,14
2652365,50,62,12
2652363,50,64,14
2652362,29,64,35
2652361,62,59,3
2652360,54,62,8
2652359,78,62,16
2652358,65,64,1
2652357,61,64,3
2652356,38,62,24
2652355,41,61,20
2652354,41,58,17
2652353,41,63,22
2652352,41,57,16
2652351,41,65,24
2652350,41,62,21
2652349,41,62,21
2652348,41,62,21
2652346,41,65,24
2652345,36,59,23
2652343,36,63,27
2652342,36,61,25
2652341,36,61,25
2652339,56,61,5
2652336,48,61,13
2652333,48,61,13
2652332,37,60,23
2652329,50,62,12
2652327,48,63,15
2652326,48,60,12
2652325,48,61,13
2652324,48,61,13
2652323,48,61,13
2652322,48,61,13
2652321,48,62,14
2652320,48,63,15
2652319,48,61,13
2652318,48,63,15
2652317,48,61,13
2652316,43,64,21
2652315,48,62,14
2652314,48,63,15
2652313,48,62,14
2652312,50,61,11
2652311,48,61,13
2652310,48,64,16
2652309,48,62,14
2652306,41,62,21
2652305,50,62,12
2652304,41,62,21
2652303,40,56,16
2652302,59,59,0
2652301,41,62,21
2652299,41,62,21
2652298,41,60,19
2652296,50,63,13
2652295,41,62,21
2652294,41,63,22
2652293,59,60,1
2652292,30,60,30
2652291,55,59,4
2652290,59,61,2
2652288,55,63,8
2652287,30,63,33
2652286,59,61,2
2652283,17,62,45
2652284,56,64,8
2652282,50,63,13
2652278,35,45,10
2652277,16,61,45
2652276,35,44,9
2652275,50,64,14
2652274,35,45,10
2652273,35,44,9
2652272,48,60,12
2652271,30,62,32
2652270,30,63,33
2652269,48,62,14
2652268,75,64,11
2652267,53,64,11
2652266,58,59,1
2652264,53,55,2
2652263,37,62,25
2652262,21,64,43
2652258,50,62,12
2652255,48,60,12
2652253,75,62,13
2652249,50,56,6
2652247,56,64,8
2652242,54,63,9
2652241,54,65,11
2652238,54,63,9
2652237,48,60,12
2652236,54,52,2
2652235,50,60,10
2652234,72,63,9
2652233,48,63,15
2652232,47,50,3
2652231,47,66,19
2652230,28,61,33
2652229,56,64,8
2652227,30,63,33
2652225,62,59,3
2652224,48,61,13
2652223,30,55,25
2652222,48,61,13
2652221,48,51,3
2652220,30,55,25
2652219,72,55,17
2652218,72,53,19
2652217,72,57,15
2652215,30,58,28
2652214,38,52,14
2652213,47,62,15
2652212,30,63,33
2652211,75,52,23
2652210,30,61,31
2652208,48,62,14
2652206,62,57,5
2652205,47,54,7
2652205,47,54,7
2652202,30,61,31
2652201,62,62,0
2652200,51,50,1
2652198,67,61,6
2652197,62,57,5
2652196,53,55,2
2652194,53,58,5
2652193,51,62,11
2652190,67,55,12
2652189,53,55,2
2652187,53,56,3
2652186,53,55,2
2652185,37,63,26
2652183,37,64,27
2652182,37,63,26
2652181,37,25,12
2652180,37,63,26
2652179,37,64,27
2652179,37,64,27
2652178,14,44,30
2652177,37,50,13
2652174,51,60,9
2652173,53,58,5
2652172,39,42,3
2652171,53,45,8
2652170,53,55,2
2652169,46,60,14
2652168,53,64,11
2652167,67,64,3
2652165,53,62,9
2652164,51,48,3
2652163,40,62,22
2652162,67,56,11
2652160,78,61,17
2652159,51,51,0
2652158,51,58,7
2652156,61,55,6
2652154,58,52,6
2652152,52,67,15
2652151,46,62,16
2652147,42,45,3
2652146,30,63,33
2652145,63,66,3
2652144,59,61,2
2652143,51,64,13
2652142,32,63,31
2652141,45,63,18
2652140,40,65,25
2652138,80,59,21
2652137,56,59,3
2652136,63,57,6
2652134,53,63,10
2652133,30,44,14
2652132,30,43,13
2652131,59,61,2
2652130,53,56,3
2652130,53,56,3
2652129,30,61,31
2652128,47,63,16
2652127,59,58,1
2652126,47,50,3
2652125,51,50,1
2652123,60,65,5
2652122,62,58,4
2652121,59,56,3
2652120,48,60,12
2652119,56,52,4
2652118,78,62,16
2652117,50,63,13
2652116,64,62,2
2652115,58,53,5
2652114,56,64,8
2652113,78,64,14
2652112,30,62,32
2652111,30,59,29
2652109,53,56,3
2652107,47,63,16
2652106,53,59,6
2652105,37,59,22
2652104,37,58,21
2652103,53,59,6
2652102,68,55,13
2652101,42,44,2
2652099,40,61,21
2652098,30,56,26
2652097,42,44,2
2652096,30,57,27
2652095,62,63,1
2652094,63,51,12
2652092,56,63,7
2652089,37,55,18
2652088,58,61,3
2652087,37,55,18
2652085,37,57,20
2652084,37,58,21
2652083,37,58,21
2652082,37,59,22
2652081,49,62,13
2652078,45,63,18
2652076,45,53,8
2652075,30,56,26
2652074,53,62,9
2652073,37,58,21
2652071,50,61,11
2652070,49,61,12
2652068,30,58,28
2652067,46,59,13
2652066,30,60,30
2652064,49,62,13
2652063,50,63,13
2652062,53,66,13
2652061,49,62,13
2652060,56,54,2
2652059,49,59,10
2652058,62,62,0
2652057,76,57,19
2652056,49,63,14
2652055,45,59,14
2652054,49,62,13
2652053,66,58,8
2652052,67,37,30
2652050,66,56,10
2652048,67,59,8
2652047,44,63,19
2652046,59,63,4
2652045,64,60,4
2652044,59,62,3
2652041,30,65,35
2652040,56,64,8
2652039,73,60,13
2652038,70,64,6
2652036,70,66,4
2652035,50,64,14
2652032,50,64,14
2652028,30,50,20
2652027,66,40,26
2652026,62,54,8
2652025,50,61,11
2652024,30,62,32
2652023,30,44,14
2652022,30,52,22
2652019,62,64,2
2652018,68,63,5
2652017,41,63,22
2652016,48,62,14
2652013,30,53,23
2652010,30,58,28
2652007,48,64,16
2652004,30,60,30
2652003,37,56,19
2652000,47,60,13
2651995,75,65,10
2651992,30,55,25
2651990,67,54,13
2651989,30,38,8
2651988,30,58,28
2651985,65,55,10
2651984,62,61,1
2651983,67,63,4
2651982,28,55,27
2651981,16,60,44
2651979,53,60,7
2651976,51,56,5
2651975,53,64,11
2651974,40,62,22
2651973,47,59,12
2651972,35,63,28
2651971,37,63,26
2651970,67,57,10
2651969,47,57,10
2651967,53,64,11
2651966,43,55,12
2651965,53,66,13
2651964,30,62,32
2651962,30,62,32
2651961,48,62,14
2651960,72,58,14
2651960,72,58,14
2651959,54,43,11
2651954,50,59,9
2651953,50,44,6
2651952,54,62,8
2651951,54,53,1
2651950,54,62,8
2651948,56,63,7
2651947,54,62,8
2651946,54,58,4
2651945,62,58,4
2651944,30,51,21
2651937,72,62,10
2651936,30,53,23
2651935,68,58,10
2651934,30,61,31
2651933,58,61,3
2651930,56,62,6
2651929,70,65,5
2651926,30,54,24
2651925,32,63,31
2651924,30,57,27
2651923,45,63,18
2651922,30,60,30
2651921,56,53,3
2651920,37,65,28
2651919,56,62,6
2651918,37,54,17
2651917,30,44,14
2651916,48,63,15
2651915,37,59,22
2651914,56,63,7
2651913,37,49,12
2651912,37,57,20
2651911,30,61,31
2651910,37,57,20
2651909,44,55,11
2651906,37,56,19
2651905,37,63,26
2651903,37,58,21
2651902,63,56,7
2651901,37,64,27
2651900,35,61,26
2651899,37,61,24
2651897,30,53,23
2651896,30,61,31
2651895,30,59,29
2651894,69,62,7
2651892,30,44,14
2651889,53,55,2
2651888,30,55,25
2651887,58,55,3
2651886,30,53,23
2651885,66,63,3
2651884,30,59,29
2651882,58,61,3
2651881,48,61,13
2651880,66,55,11
2651879,48,62,14
2651878,48,64,16
2651875,45,63,18
2651873,19,56,37
2651871,53,57,4
2651870,54,58,4
2651869,54,62,8
2651867,70,60,10
2651865,68,63,5
2651863,47,61,14
2651862,53,57,4
2651860,75,65,10
2651859,54,61,7
2651858,53,56,3
2651857,53,59,6
2651856,51,54,3
2651855,36,63,27
2651854,60,59,1
2651853,53,58,5
2651851,51,64,13
2651850,48,62,14
2651849,53,66,13
2651848,48,60,12
2651846,40,61,21
2651845,48,62,14
2651844,48,61,13
2651843,59,62,3
2651842,48,61,13
2651841,62,66,4
2651839,40,65,25
2651837,30,44,14
2651831,45,53,8
2651830,50,55,5
2651829,68,57,11
2651828,62,63,1
2651826,68,59,9
2651825,57,61,4
2651821,68,48,20
2651820,48,62,14
2651819,48,61,13
2651818,36,59,23
2651817,38,55,17
2651816,36,59,23
2651815,40,61,21
2651814,36,52,16
2651813,47,60,13
2651812,36,54,18
2651811,40,59,19
2651809,40,64,24
2651808,16,60,44
2651807,62,62,0
2651806,38,58,20
2651804,66,62,4
2651803,30,52,22
2651802,54,61,7
2651801,54,59,5
2651800,38,53,15
2651799,47,64,17
2651798,54,61,7
2651794,40,62,22
2651791,40,62,22
2651790,66,57,9
2651788,66,59,7
2651787,51,52,1
2651786,48,64,16
2651785,30,59,29
2651784,30,60,30
2651782,73,63,10
2651781,73,62,11
2651780,49,60,11
2651776,30,56,26
2651775,30,53,23
2651773,54,63,9
2651772,30,62,32
2651771,54,59,5
2651770,41,56,15
2651769,54,61,7
2651767,51,49,2
2651766,30,49,19
2651764,41,56,15
2651763,30,58,28
2651762,47,61,14
2651761,30,52,22
2651760,62,58,4
2651759,30,52,22
2651757,62,62,0
2651756,45,54,9
2651755,45,61,16
2651754,45,56,11
2651753,30,64,34
2651749,40,63,23
2651748,36,58,22
2651746,43,59,16
2651745,37,55,18
2651744,36,55,19
2651743,67,57,10
2651742,36,60,24
2651741,67,50,17
2651740,47,56,9
2651736,30,61,31
2651735,70,44,26
2651732,44,58,14
2651731,68,64,4
2651729,43,52,9
2651727,62,63,1
2651725,57,62,5
2651724,56,61,5
2651718,35,61,26

mae:15
mse:3